recordTypes ACK=695 GENOME=604 MIGRATION=695
migrations 695
acks 695
genomeRecords 604
distinctMigrantEntities 546
distinctMigrantGenomes 528
firstRecordedAt 2026-08-03T20:26:34.415000Z (1785788794415)
lastRecordedAt 2026-08-04T01:39:33.036000Z (1785807573036)
lanes:
  slot 2 -> slot 3  282
  slot 3 -> slot 1  210
  slot 1 -> slot 2  203
bySourcePeer:
  slot-1  203
  slot-2  282
  slot-3  210
migrantEntityIds:
  -2142546875
  -2126565859
  -2125112334
  -2124339350
  -2086183073
  -2083835419
  -2079165792
  -2074958538
  -2050362176
  -2046775615
  -2044692327
  -2039458645
  -2031278349
  -2023166596
  -2012129700
  -2008848044
  -1988946379
  -1988939393
  -1987651221
  -1983744469
  -1970247534
  -1968167213
  -1966260323
  -1961634926
  -1955059423
  -1954637413
  -1946062296
  -1937414520
  -1932681909
  -1930792942
  -1930713698
  -1930463986
  -1925147985
  -1922311380
  -1918047877
  -1911039126
  -1906834226
  -1900419584
  -1885747940
  -1881513282
  -1880961017
  -1861666388
  -1860303430
  -1856492156
  -1848220111
  -1843710068
  -1805190881
  -1805055000
  -1786966459
  -1779327651
  -1751042919
  -1734440843
  -1731890005
  -1729853047
  -1726608977
  -1703297522
  -1690041649
  -1689942190
  -1688356408
  -1658159556
  -1654652776
  -1651120703
  -1631092341
  -1614805226
  -1600729144
  -1600683360
  -1590565072
  -1571768387
  -1570995455
  -1552739813
  -1545499896
  -1533142054
  -1531561993
  -1528172901
  -1521095800
  -1519907980
  -1487152290
  -1485675819
  -1482835991
  -1469402099
  -1438787273
  -1432729641
  -1413838251
  -1409591396
  -1392974898
  -1384860235
  -1371912642
  -1369330024
  -1365555054
  -1359986182
  -1344241946
  -1339501119
  -1335248991
  -1330575647
  -1311353696
  -1307281256
  -1299792678
  -1287103685
  -1281990412
  -1273693976
  -1270759817
  -1268449186
  -1266382915
  -1266322093
  -1257200400
  -1254850348
  -1245683418
  -1242592337
  -1239394906
  -1236772461
  -1228829207
  -1228553902
  -1203129160
  -1189965606
  -1188548242
  -1173442237
  -1160223643
  -1153167960
  -1149086374
  -1136268032
  -1128778088
  -1122398962
  -1106218675
  -1076107520
  -1071335723
  -1069794568
  -1061162706
  -1056287248
  -1052958136
  -1020931175
  -1019448971
  -1018199723
  -1008220357
  -1005640482
  -1001173819
  -1000756263
  -999384237
  -996287862
  -995986583
  -967831151
  -966659442
  -960438419
  -955907571
  -951588648
  -949673877
  -949651801
  -946634931
  -942042255
  -914282419
  -904760614
  -902620897
  -901734286
  -899180514
  -887222842
  -855482342
  -850541398
  -845144909
  -841946148
  -832949704
  -822112543
  -812616341
  -786473591
  -784782102
  -774061332
  -769448686
  -757526448
  -756699805
  -756359478
  -755972799
  -755332377
  -754182557
  -749308344
  -744357222
  -742215508
  -740257353
  -737749240
  -736024755
  -714719783
  -694826306
  -687624628
  -683283278
  -678556295
  -676076942
  -674098059
  -668385237
  -667789747
  -665918074
  -654342916
  -653620060
  -653568869
  -637529579
  -630192622
  -621242343
  -603467290
  -579269290
  -575873802
  -549286148
  -546261513
  -545031791
  -528140857
  -505307587
  -499034685
  -498543723
  -497989866
  -495430073
  -463739044
  -463614159
  -456400971
  -454666333
  -444168819
  -421508251
  -417888966
  -414015319
  -409971367
  -408189749
  -403790218
  -400419038
  -399952887
  -381582567
  -381334674
  -358454835
  -353420180
  -350512880
  -348218765
  -346827192
  -343511317
  -339177690
  -336476709
  -329017010
  -320131294
  -306239023
  -304366561
  -304237806
  -304131342
  -291758554
  -289070458
  -288724273
  -286447965
  -271642986
  -256442639
  -251528553
  -224119364
  -218005370
  -214673469
  -212265515
  -204658199
  -200651894
  -200447340
  -198326116
  -193790380
  -193330092
  -192498276
  -185335313
  -174052372
  -172767147
  -158167472
  -155384313
  -146539478
  -137984707
  -131406255
  -113378630
  -97894107
  -83975031
  -71723169
  -52793319
  -41783737
  -29685922
  -4394999
  5327691
  14470709
  16178761
  25280447
  26862595
  26942117
  27395511
  54143484
  54184278
  60079777
  65700320
  67250239
  75202475
  92511124
  92818880
  109326406
  110873211
  114066618
  114762393
  119567632
  138176894
  143816014
  149725274
  156521010
  164815031
  166050561
  171897473
  175701483
  178003131
  180072181
  180834628
  215752546
  221021683
  228767321
  235135752
  236595496
  243564781
  255146356
  260029230
  261153775
  264911543
  268872780
  281321612
  284379446
  302053918
  315469497
  332362943
  353874843
  358422467
  361294864
  362403349
  362606344
  381673707
  382148017
  383242555
  388779214
  406108098
  416688849
  417137979
  427029051
  435455754
  436366802
  440337384
  457217404
  465600015
  476951537
  504859446
  512869144
  515938682
  529577428
  550635912
  561548485
  562907279
  569938219
  581500888
  582825187
  590900070
  597108094
  598200961
  598400035
  603649726
  604131674
  606848171
  615602806
  631511839
  632822403
  636253843
  645078131
  650307155
  655818620
  663858979
  669957951
  683429125
  691132945
  691584435
  718267329
  729129707
  729550085
  730448864
  735679452
  740052127
  740125846
  746682618
  747520346
  759226642
  779868494
  780528655
  816614119
  817438991
  817501939
  829714831
  839528051
  842704415
  844030126
  844806994
  855032321
  863212154
  870236590
  870939626
  883106394
  885581218
  889684916
  921984541
  943086074
  945963866
  966457739
  971815904
  975786961
  1003599829
  1011967951
  1021846211
  1037465480
  1063978001
  1069600722
  1085339111
  1099454679
  1103616220
  1117706498
  1120936613
  1127826779
  1131829240
  1145316565
  1147573508
  1149155519
  1152855869
  1153415260
  1159168320
  1175047906
  1193708075
  1194829920
  1201592231
  1203994444
  1230441053
  1231041955
  1232264955
  1232543179
  1237807598
  1252847336
  1254858738
  1260859919
  1265237041
  1268481350
  1281113904
  1292736455
  1294231193
  1308924281
  1316758592
  1325338482
  1335356084
  1336055402
  1354930518
  1356177975
  1360277370
  1360870484
  1365714571
  1388209689
  1391867726
  1420043621
  1421146056
  1431211389
  1442919403
  1462173985
  1463590560
  1464468156
  1468753517
  1470934737
  1482311289
  1488354903
  1496612715
  1503914719
  1522939690
  1526202857
  1534033468
  1543318619
  1550956175
  1551379611
  1556229223
  1557463763
  1574672506
  1584822661
  1591260813
  1591528975
  1593841593
  1620919922
  1626955402
  1631115420
  1645359125
  1650140810
  1658155931
  1661353645
  1663447099
  1667620766
  1673170489
  1682734435
  1685472298
  1691469383
  1694518358
  1695828594
  1711658657
  1715405462
  1725355811
  1739427171
  1752426697
  1755304744
  1755538512
  1762487354
  1770441264
  1771135113
  1778259523
  1814472008
  1816167756
  1820501893
  1845507320
  1847438317
  1848906428
  1850545971
  1858579690
  1859439479
  1867007513
  1875659171
  1876778242
  1882610322
  1883675359
  1886396632
  1896481548
  1899809395
  1901918710
  1910537470
  1919638441
  1950150308
  1951954978
  1975714088
  1978392819
  1979591673
  1982354100
  1985211002
  1987817653
  1988005215
  2007825016
  2008610790
  2009684565
  2012643896
  2018468011
  2034575769
  2047395654
  2067355100
  2070533252
  2071617098
  2074858062
  2077911493
  2083440416
  2105370520
  2112019908
  2113520595
  2115004709
  2115453607
  2138453856
  2144239877
